A{1} = [1 2 3 4 5 6 ];
B{1} = [4 ];
A{2} = [1 2 3 6 ];
B{2} = [3 ];
A{3} = [1 2 3 ];
B{3} = [2 ];
A{4} = [4 5 6 7 ];
B{4} = [1 ];
A{5} = [4 5 6 ];
B{5} = [1 4 ];
