A{1} = [1 2 3 4 5 ];
B{1} = [5=1 ];
A{2} = [1 3 5 6 ];
B{2} = [4=1 ];
A{3} = [1 3 5 ];
B{3} = [4=1 5=1 ];
A{4} = [2 4 5 6 ];
B{4} = [3=1 ];
A{5} = [2 4 5 ];
B{5} = [3=1 5=1 ];
A{6} = [1 2 3 4 5 6 ];
B{6} = [2=1 ];
A{7} = [1 3 4 5 ];
B{7} = [1=1 ];
A{8} = [1 3 5 ];
B{8} = [1=1 4=1 ];
