A{1} = [1 2 3 4 5 ];
B{1} = [5 ];
A{2} = [1 3 5 6 ];
B{2} = [4 ];
A{3} = [1 3 5 ];
B{3} = [4 5 ];
A{4} = [2 4 5 6 ];
B{4} = [3 ];
A{5} = [2 4 5 ];
B{5} = [3 5 ];
A{6} = [1 3 4 5 ];
B{6} = [1 ];
A{7} = [1 3 5 ];
B{7} = [1 4 ];
