A{1} = [1 2 3 4 5 6 ];
B{1} = [4=1 ];
A{2} = [4 5 7 ];
B{2} = [3=3 ];
A{3} = [4 5 ];
B{3} = [3=3 4=1 ];
A{4} = [1 2 6 ];
B{4} = [3=1 ];
A{5} = [4 5 6 7 ];
B{5} = [2=3 ];
A{6} = [4 5 6 ];
B{6} = [2=3 4=1 ];
A{7} = [1 2 ];
B{7} = [2=1 ];
A{8} = [1 2 3 ];
B{8} = [1=3 ];
A{9} = [1 2 ];
B{9} = [1=3 3=1 ];
A{10} = [4 5 6 ];
B{10} = [1=2 ];
A{11} = [4 5 ];
B{11} = [1=2 3=3 ];
