A{1} = [1 2 3 4 5 6 ];
B{1} = [4 ];
A{2} = [4 5 7 ];
B{2} = [3 ];
A{3} = [1 2 6 ];
B{3} = [3 ];
A{4} = [4 5 6 7 ];
B{4} = [2 ];
A{5} = [4 5 6 ];
B{5} = [2 4 ];
A{6} = [1 2 ];
B{6} = [2 ];
A{7} = [1 2 3 ];
B{7} = [1 ];
A{8} = [1 2 ];
B{8} = [1 3 ];
A{9} = [4 5 6 ];
B{9} = [1 ];
