A{1} = [3 5 6 ];
B{1} = [3=1 ];
A{2} = [2 3 4 ];
B{2} = [2=1 ];
A{3} = [3 ];
B{3} = [2=1 3=1 ];
A{4} = [1 2 3 5 ];
B{4} = [1=1 ];
A{5} = [3 5 ];
B{5} = [1=1 3=1 ];
A{6} = [2 3 ];
B{6} = [1=1 2=1 ];
A{7} = [3 ];
B{7} = [1=1 2=1 3=1 ];
